#################
# training data #
#################


[-0.5, -0.5, -0.5, 0.5, 0.5, -0.5, -0.5, -0.5, 0.5, 0.5, -0.5,
 -0.5, 0.5, 0.5, 0.5, -0.5, 0.5, 0.5, -0.5, 0.5, 0.5, 0.5, -0.5,
 -0.5, 0.5, 0.5, 0.5, -0.5, -0.5, 0.5, 0.5, -0.5, 0.5, 0.5, 0.5],

[-0.5, -0.5, -0.5, -0.5, -0.5, -0.5, -0.5, -0.5, -0.5, -0.5, -0.5,
 -0.5, -0.5, -0.5, -0.5, -0.5, -0.5, -0.5, -0.5, -0.5, -0.5, -0.5,
 -0.5, -0.5, -0.5, -0.5, -0.5, -0.5, -0.5, -0.5, -0.5, -0.5,
 -0.5, -0.5, -0.5],

[-0.5, -0.5, -0.5, -0.5, -0.5, -0.5, -0.5, -0.5, -0.5, -0.5,
 -0.5, -0.5, -0.5, -0.5, -0.5, -0.5, -0.5, -0.5, -0.5, -0.5,
 -0.5, -0.5, -0.5, -0.5, -0.5, -0.5, -0.5, -0.5, -0.5, -0.5,
 -0.5, -0.5, -0.5, -0.5, -0.5],

[-0.5, -0.5, -0.5, -0.5, -0.5, -0.5, -0.5, -0.5, -0.5, -0.5,
 -0.5, -0.5, -0.5, -0.5, -0.5, -0.5, -0.5, -0.5, -0.5, -0.5,
 -0.5, -0.5, -0.5, -0.5, -0.5, -0.5, -0.5, -0.5, -0.5, -0.5
, -0.5, -0.5, -0.5, -0.5, -0.5],

[-0.5, -0.5, -0.5, -0.5, -0.5, -0.5, -0.5, -0.5, -0.5, -0.5,
 -0.5, -0.5, -0.5, -0.5, -0.5, -0.5, -0.5, -0.5, -0.5, -0.5,
 -0.5, -0.5, -0.5, -0.5, -0.5, -0.5, -0.5, -0.5, -0.5, -0.5,
 -0.5, -0.5, -0.5, -0.5, -0.5],

[0.5, 0.5, 0.5, -0.5, -0.5, 0.5, -0.5, 0.5, 0.5, -0.5, 0.5,
 -0.5, 0.5, 0.5, -0.5, 0.5, -0.5, 0.5, 0.5, -0.5, -0.5, -0.5,
 0.5, 0.5, -0.5, -0.5, -0.5, 0.5, 0.5, -0.5, 0.5, 0.5, 0.5, 0.5, 0.5],

[-0.5, -0.5, -0.5, -0.5, -0.5, -0.5, -0.5, -0.5, -0.5, -0.5,
 -0.5, -0.5, -0.5, -0.5, -0.5, -0.5, -0.5, -0.5, -0.5, -0.5,
 -0.5, -0.5, -0.5, -0.5, -0.5, -0.5, -0.5, -0.5, -0.5, -0.5,
 -0.5, -0.5, -0.5, -0.5, -0.5],

[-0.5, -0.5, -0.5, -0.5, -0.5, -0.5, -0.5, -0.5, -0.5, -0.5,
 -0.5, -0.5, -0.5, -0.5, -0.5, -0.5, -0.5, -0.5, -0.5, -0.5,
 -0.5, -0.5, -0.5, -0.5, -0.5, -0.5, -0.5, -0.5, -0.5, -0.5,
 -0.5, -0.5, -0.5, -0.5, -0.5],

[-0.5, -0.5, -0.5, -0.5, -0.5, -0.5, -0.5, -0.5, -0.5, -0.5,
 -0.5, -0.5, -0.5, -0.5, -0.5, -0.5, -0.5, -0.5, -0.5, -0.5,
 -0.5, -0.5, -0.5, -0.5, -0.5, -0.5, -0.5, -0.5, -0.5, -0.5,
 -0.5, -0.5, -0.5, -0.5, -0.5],

[-0.5, -0.5, -0.5, -0.5, -0.5, -0.5, -0.5, -0.5, -0.5, -0.5,
 -0.5, -0.5, -0.5, -0.5, -0.5, -0.5, -0.5, -0.5, -0.5, -0.5,
 -0.5, -0.5, -0.5, -0.5, -0.5, -0.5, -0.5, -0.5, -0.5, -0.5,
 -0.5, -0.5, -0.5, -0.5, -0.5],

################
# mapping data # 
################

[0.5, 0.5, 0.5, 0.5, -0.5, 0.5, -0.5, -0.5, 0.5, -0.5, 0.5,
 -0.5, 0.5, 0.5, 0.5, -0.5, -0.5, 0.5, 0.5, 0.5, -0.5, -0.5,
 -0.5, -0.5, -0.5, -0.5, -0.5, -0.5, -0.5, 0.5, 0.5, 0.5,
 0.5, 0.5, 0.5]
